rot:
  max: 3.4107286898874944
  mean: 1.428639065509914
  median: 1.3669021538449095
  min: 0.43659451174442937
  num_samples: 2840
  rmse: 1.5444076667306366
  std: 0.5866732153041665
scale:
  max: 36.98316934329347
  mean: 2.0364210914211864
  median: 0.40856765589031285
  min: 1.0404517425399717e-05
  num_samples: 2840
  rmse: 5.81106895315498
  std: 5.442564792148704
trans:
  max: 0.1507430024681947
  mean: 0.05698447969509871
  median: 0.0515677983940359
  min: 0.0005808730179453136
  num_samples: 2840
  rmse: 0.06393888761922462
  std: 0.028999145226415144
